7722
24446
1542
46509
48311
11995
37119
29533
12633
35698
28297
8307
36725
15645
20526
52646
28489
8433
56955
7801
62332
428
45303
23761
50533
816
23764
21131
44268
41856
7323
51990
766
8865
32963
49077
20860
4546
13074
33493
40244
41371
41801
11433
57017
62327
64079
19970
5225
55498
27772
2021
55926
7539
25782
40923
8355
49546
62054
52623
25866
3841
39077
26632
12706
6504
10173
33567
11050
23248
1524
51294
64619
43325
62727
56100
40117
61270
10535
45342
51232
38307
47363
41623
45846
7609
17010
54201
57156
13529
41288
17486
17370
14829
44119
30077
21333
54292
63644
32383
12004
65168
18141
11088
42958
15332
1652
17539
11066
12187
62881
62298
50494
44708
38385
30804
52317
55396
19469
43937
3389
60757
61424
20759
10050
40007
50836
31383
28763
48944
63766
40768
48577
16371
51856
25999
31703
53508
43538
42769
160
40883
39532
50654
20055
12381
15923
6836
2241
35392
50774
5630
30614
46662
26390
40664
21133
11690
6512
49896
60635
4742
25128
43676
21114
11448
4139
52817
64957
47677
30051
65117
23024
4047
50235
43079
16428
622
49915
18670
36015
35153
24300
1093
16279
50690
41757
37412
62381
48269
21773
57480
53012
46901
35620
8590
58350
39759
61407
57771
21900
25922
57352
44924
29969
42051
22467
46398
42674
6846
65068
13153
42000
23832
14246
58279
8987
56003
30156
5832
38737
51929
63312
26213
33294
33396
34803
26108
7619
30674
18343
29519
56597
10159
8907
21030
52211
31374
1892
29349
38220
1424
42502
14684
25257
56748
7428
34244
47215
37584
40076
20416
23977
37852
46629
57271
5712
15896
17844
13331
46571
36187
42850
37632
46347
51757
58662
33022
17595
60555
62371
55815
61979
39337
4964
21700
30549
12392
55944
12228
49976
30484
32645
8417
2800
13738
152
8512
29635
17996
21843
10670
54184
64693
48302
34995
50914
41428
2481
2973
36447
64852
58789
32891
38653
63753
54591
3666
10609
45000
15894
60585
9948
48539
3466
12749
62278
3618
21261
26377
21615
43105
37047
10263
42262
19813
45258
27641
61241
47739
30614
32153
47055
23867
65044
20172
22084
54099
23838
32693
33563
39732
27742
43512
22736
31208
56261
19478
34827
11986
45855
56442
55091
17366
1169
31818
37179
46427
59459
32884
28630
24537
65037
10149
48405
64545
30321
4953
53109
54159
37647
21136
28355
65389
64648
51091
31062
55373
5033
353
1824
50888
56795
56915
2718
57964
23197
39897
38855
17120
7246
1949
41658
6747
12098
24527
5757
42419
29480
58866
31042
1591
14466
59397
1445
13579
44953
32507
3416
49986
32860
5240
35339
24119
62156
38057
16547
19817
12419
55402
36938
19665
57351
13060
26412
3913
37587
32169
46332
1531
25499
11838
3123
39966
5699
4568
53545
50652
37075
56961
35103
4399
62202
4906
28518
58822
42963
45065
13103
55382
34931
50041
9511
26746
63101
35924
30659
35152
2557
11455
36684
28057
23293
39807
2487
28992
44375
56032
14109
15914
47457
49212
20313
44123
54118
48831
37409
31545
28360
50513
21392
63291
35018
30903
24501
32584
1291
55160
2200
3849
1079
38884
31906
24372
13155
34393
53364
57530
24889
1937
7908
6810
51149
28221
50934
39731
11516
22807
5741
39876
7784
27133
37631
42803
58036
62132
9851
59328
51756
12051
63177
52835
50936
29547
11671
64091
63940
65036
56086
23293
1437
63994
30103
52587
26680
15501
26782
38196
38309
32523
12537
46093
59656
50168
23360
52157
46765
33211
45949
32985
45263
43590
20285
30663
7601
31956
29218
6005
31456
19768
29298
32894
18227
59401
19945
44907
9367
46727
17567
47676
13715
30104
28233
7835
14737
51594
59992
61502
19269
40405
28951
64532
18459
49236
29659
26060
15657
58878
32065
47113
13110
61363
14471
31337
55229
34416
10708
64596
15608
28276
46736
29323
58380
9433
37158
7581
61027
31615
3547
14761
6484
32499
13757
24944
16199
43417
51004
31856
36759
17534
13434
49869
13361
27905
15671
3054
62322
26379
2114
12394
54655
48850
41717
47500
58284
13339
55081
53775
44954
58629
3000
51439
25592
16758
10847
41791
60175
61851
8112
31398
13849
21546
15731
27211
49451
31402
30265
46237
57782
32380
58631
46901
15694
34812
28865
8442
48152
18411
62218
27570
11504
65218
13473
37096
16440
24320
13351
11079
20636
21463
42477
34485
43009
58209
61696
26925
24075
26426
7626
16321
58806
722
63223
8964
35534
26552
17407
18150
44963
14089
45721
56467
13771
59194
28027
30212
17979
41379
41291
38615
62842
18233
7564
40316
10906
3725
1705
34981
30151
9331
51303
23421
10053
48990
32385
45588
10006
49792
63738
54970
63881
43923
45901
12117
37582
8393
42329
55561
49772
18084
28640
47078
36317
36204
21858
47223
39929
23563
16669
4544
32895
2436
27965
42948
51426
60351
23000
61432
44607
21203
50866
42953
65126
31232
55070
37172
39625
31863
27197
23861
49947
55837
5403
20729
26506
27262
2416
899
50825
19085
5444
18184
21521
33409
61133
7411
28224
18597
3308
7296
39800
54174
50249
39391
19870
39783
11027
59495
6110
38225
17820
56057
28526
23224
11250
55032
50486
13667
55932
35775
32752
61376
53960
54274
29249
49557
61685
57474
2618
64993
64770
42419
53632
49483
16274
7966
23730
27301
1926
29840
65526
19746
20361
28517
42970
31612
18013
27920
45279
8409
63696
12495
4249
52120
1233
33499
36141
62919
25437
38759
62376
24671
15642
50472
8618
31916
58439
32348
59218
60365
62188
59208
14575
17013
22189
57546
48625
40203
19930
28368
48612
18090
40864
52862
4674
42097
20825
40815
39480
46262
14039
36321
5397
29681
21257
14015
61598
14160
46363
55280
8989
43015
48952
23565
60028
5606
15575
43118
45809
35505
5950
28885
53596
46814
16211
58270
23376
37036
33550
62856
17762
47589
33641
23159
11734
54899
37174
7796
3523
18001
63076
12513
61016
46493
36078
55509
52099
51653
33091
32372
21622
39041
61257
9682
20320
11933
2417
43696
48969
35967
41016
1196
18020
9122
24355
29754
64021
61530
37551
2008
13995
35091
14521
9476
16048
50599
64985
2611
36716
32540
34983
58339
6045
30705
2485
26365
42638
4902
4525
26071
40869
45542
27267
58889
54664
51623
23108
53149
47617
60659
55157
61612
30214
4143
5552
46263
54742
5001
48874
25923
37541
18322
18726
43587
49027
21211
4416
26129
26114
8942
